function qd = slip_stance_dynamics(t,q,slip)
x = q(1); y = q(2); xd = q(3); yd = q(4);
qd = [xd; yd; -(50*(((x - 6256334945874825/36028797018963968)^2 + y^2)^(1/2) - 1)*(2*x - 6256334945874825/18014398509481984))/((x - 6256334945874825/36028797018963968)^2 + y^2)^(1/2); - (100*y*(((x - 6256334945874825/36028797018963968)^2 + y^2)^(1/2) - 1))/((x - 6256334945874825/36028797018963968)^2 + y^2)^(1/2) - 981/100];
end